EER: 0.0768910389233608
EER_percent: 7.68910389233608
EER_threshold: 0.7229635715484619
TMR_at_FMR_0.1: 0.9387351778656127
TMR_at_FMR_0.01: 0.7270149510225125
TMR_at_FMR_0.0001: 0.29025605774188007
