EER: 0.03057905939600529
EER_percent: 3.057905939600529
EER_threshold: 0.20035575330257416
TMR_at_FMR_0.1: 0.9847052758205878
TMR_at_FMR_0.01: 0.9508506616257089
TMR_at_FMR_0.0001: 0.8182677435985565
