EER: 0.08352371810165606
EER_percent: 8.352371810165605
EER_threshold: 0.16522955894470215
TMR_at_FMR_0.1: 0.923010826602509
TMR_at_FMR_0.01: 0.8312424815260354
TMR_at_FMR_0.0001: 0.5201065475167554
